%YAML:1.0
---
R: !!opencv-matrix
   rows: 3
   cols: 3
   dt: d
   data: [ 9.9997023317478773e-01, 4.7391716506550441e-03,
       6.0887614854073435e-03, -4.8084902439451058e-03,
       9.9992321739122625e-01, 1.1420934443048607e-02,
       -6.0341682056798051e-03, -1.1449872228289573e-02,
       9.9991624111223509e-01 ]
T: !!opencv-matrix
   rows: 3
   cols: 1
   dt: d
   data: [ -3.3425631647504783e+00, 4.6707330571138572e-02,
       2.2128673039100251e-03 ]
R1: !!opencv-matrix
   rows: 3
   cols: 3
   dt: d
   data: [ 8.1226841277812115e-02, -1.5213510577973320e-03,
       -2.4016748803276630e-02, 6.4719700733111289e-04,
       8.3561047476439165e-02, 1.7760850241081011e-03,
       1.3403789466541762e-03, -2.8057616242720606e-04,
       8.2993899269097421e-02 ]
R2: !!opencv-matrix
   rows: 3
   cols: 3
   dt: d
   data: [ 8.1263893903594162e-02, -1.5291071357152433e-03,
       -2.3983340817479805e-02, 6.3456095316235704e-04,
       8.3563692531105044e-02, 1.7639151738949033e-03,
       1.3403789466541762e-03, -2.8057616242720606e-04,
       8.2954201588649495e-02 ]
P1: !!opencv-matrix
   rows: 3
   cols: 3
   dt: d
   data: [ 5.3392448961951084e+02, 0., 3.2882415435785850e+02, 0.,
       5.2857636949090272e+02, 2.3724236734128323e+02, 0., 0., 1. ]
P2: !!opencv-matrix
   rows: 3
   cols: 3
   dt: d
   data: [ 5.3392448961951084e+02, 0., 3.1406466834897714e+02, 0.,
       5.2857636949090272e+02, 2.4222537580607866e+02, 0., 0., 1. ]
Q: !!opencv-matrix
   rows: 4
   cols: 4
   dt: d
   data: [ 1., 0., 0., -3.1934153747558594e+02, 0., 1., 0.,
       -2.3984252166748047e+02, 0., 0., 0., 4.3982083946015695e+02, 0.,
       0., 2.9914233972049858e-01, 0. ]
